Position	MEAN_err
28221	1.8171291612611433
4	0.010308819689003195
29868	0.0062120106560511375
26	0.717464526787334
20441	0.20075046904315197
25	0.11215549399105292
13855	1.8821599045346062
29888	0.0
29794	0.48547724908637335
22351	0.3159509202453988
24389	0.7035414363263692
24390	0.7732414876602656
2831	2.012121212121212
19295	0.002108036890645586
29854	0.2130890052356021
15245	1.2013793103448276
29865	0.9091888962773291
29866	0.9112375948659313
29867	0.00154429247933222
29869	0.02046790818962336
29871	0.0
29887	0.0
23	0.02425387754370851
6	0.0003897453868155694
8	0.00023029558477415894
2	0.0
28827	0.06683608023129393
9	0.05452013828902714
29857	1.1394488036603045
29870	0.01068415373710886
11331	2.4562480810561866
20182	1.6955671447196872
26356	0.3481645905115293
7721	1.132047477744807
27800	1.2185836608950318
3900	1.5419542317471848
14927	0.035555555555555556
21125	1.755356362046349
10523	0.9866418309200824
13	0.04666172243249737
11071	1.137816916585755
16658	1.0522647487842245
8022	1.3424936465384976
8026	1.268545994065282
20891	0.00741839762611276
11	0.00025627139050202435
12	0.03390559123159867
38	1.8221297054853254
21412	0.7659574468085106
25265	1.4910659272951325
21746	0.004967709885742673
19	0.0014726086933389247
13130	1.8568742655699177
18324	1.7566674013665418
24	0.002474044354986468
1532	0.1964965727341965
9493	0.2948461845785058
4393	1.6433502579254273
22437	0.31496062992125984
25317	0.15676449534717252
21255	0.8191809993711286
28	0.42934018752801845
20382	1.628781512605042
2012	0.0019430051813471502
29300	0.7038297872340425
23897	0.13982179575051404
27021	2.030576789437109
13946	1.6481481481481481
23122	0.810640466690551
9849	2.376902417188899
23636	1.1589189189189189
26928	0.7871720870198906
21304	0.7274337147747219
6974	1.6375381724218934
3754	1.346041055718475
22516	1.070486349736956
23058	0.25837628865979384
26521	1.7808062299587724
7275	2.828014184397163
5388	0.43471661666996464
504	1.0183425414364642
17075	2.3644346871569706
29848	0.568728528156994
19206	1.528558196974375
25145	0.07080350039777247
29876	0.0
29872	0.0
28164	1.645949720670391
27038	0.8721804511278195
25166	1.3549295774647887
1802	1.2272317403065824
24914	1.345107735782409
23222	1.9061520365724796
42	0.31213147391760593
22033	0.773588184187663
2411	1.196683378326263
12141	0.8402668759811617
22802	1.4521238569785406
22232	1.1371700562527045
22279	0.25579119086460034
20242	0.8881243311479405
17059	1.3114754098360655
26519	0.5394356809597867
24897	1.1309949892627058
227	0.4837711973695686
29120	0.7415588337839831
24745	0.15440640932265112
1346	0.9396984924623115
29315	0.7224615837705441
25409	0.7804182509505704
18707	1.1209316213795162
11861	1.5759571840263482
13621	0.6096289625445414
1863	2.012273212379936
27470	1.7627528583992964
41	0.615265280794291
29859	3.887722572117254e-05
21310	0.11049584696702744
5937	1.4762936221419976
11768	0.010483525887890458
15071	0.0029532030895047705
15	0.06827034940628339
16	0.33851809954751133
20	0.05047037005057304
17115	1.5702367417506684
29	0.005983545250560957
30	0.5515375554437114
39	0.10770381451009724
35	1.938787136599
27654	0.8892183085731473
18	0.07685463004331348
3761	0.9683080146673652
26902	1.8862118320610688
31	1.182087683164388
1349	1.754703151722453
29862	0.3263485588427844
27382	1.715921850437907
13439	0.12893742125157498
10	0.07436880224758452
29798	0.0
29864	0.0
24358	0.529790115098172
15946	0.7998528329654158
26179	1.4496848511193219
16194	1.6916902738432484
29786	0.6124108636176978
28302	1.9161807580174928
26569	1.8267131242741
8852	0.6048387096774194
16708	1.2894312538319468
25379	1.5691750159880622
1	0.0
3	0.004951458833566805
5	0.0003760207561622421
29734	0.3701795319347311
23921	0.3344947735191638
24713	1.7229178007621122
28878	2.4979423868312756
7182	0.7017017017017017
2402	1.4263114071606995
21205	0.2643139190523198
28883	1.4559561547980455
27675	0.35015227515571495
29873	0.0
3413	1.3485254691689008
22879	1.175675390250975
29850	1.231516323044873
29405	0.8514851485148515
27665	1.3431767337807605
22532	0.6424403183023872
21	0.04011766911339593
22093	0.06475819899944414
22336	1.671481634337598
5711	0.8197596795727636
11290	1.9607993850883936
7703	2.7460620525059665
10005	1.0777873811581677
29616	1.611015859408487
6171	1.6043533930857874
17513	0.0526027397260274
33	0.0
27121	1.7703391709155398
26913	0.029327610872675252
25914	1.9035799522673031
22451	1.3222222222222222
18591	1.501888497108587
16650	1.6823476702508962
27208	0.477751756440281
25906	0.04439834024896266
10075	1.691300488237905
15618	0.0013315579227696406
1000	0.6655710764174199
16884	0.0005017561465127947
23309	1.0509337860780985
27631	0.005741016372528174
7	0.05513472411513708
5260	0.07102357505222322
11541	0.7991852384375749
29141	0.5422957105200096
24191	0.4409851301115242
16437	1.923002186057809
22995	0.6954697986577181
24893	1.2721496629180327
921	1.327899394503959
8670	2.9759308010530274
27469	1.9386094674556213
7781	0.0
23604	0.14957184354289446
27858	0.006865837817776953
21819	0.1107917428795401
26790	0.7284573350147121
10213	0.9898974892289407
1998	2.1614567526555386
1335	0.8460207612456747
27891	0.44324324324324327
29441	0.3890977443609023
29620	0.6899975179945396
20029	0.06523557290214664
20291	1.7102803738317758
28758	1.8770382250735098
28205	2.9718640093786637
567	0.32109375
15830	1.7086466165413534
29634	1.0246663970885563
22916	0.24155185848073155
29468	0.0020461853259280912
21993	0.049573973663826494
18478	1.1687116564417177
4579	1.3220866293652325
9956	1.0825635103926097
157	0.2211044520547945
24588	0.9077102803738317
18484	1.3759323719542516
28289	1.2920984455958548
11619	1.668697282099344
13654	1.6827249575551784
29516	0.8544793087767167
27315	0.0008481764206955047
7114	1.9306784660766962
8651	0.9232562354648927
22806	0.3105134474327628
3731	1.6227621483375958
23032	0.7953861584754263
28512	0.11037989829494466
29875	0.2970878102005127
28576	1.9906447534766119
27040	2.376003379805661
25423	1.366394927536232
8781	0.0
13424	0.8656038738388211
22957	0.6389808074123098
25075	0.2175786299009048
24790	1.7189349112426036
28679	1.0466573816155988
5126	1.3189630881938574
26260	1.9160788129408903
5152	0.2611464968152866
29667	1.6678466076696166
29333	0.566795053719846
28048	1.7226835664335665
25619	0.6869712351945855
345	1.694411414982164
14884	1.4812349787391386
45	1.8829360396506962
16986	0.9496589037873442
8167	0.9726027397260274
13791	2.205948372615039
14	0.002979013824893539
27520	0.719785575048733
15710	1.4432296047098403
29883	0.0
22	0.0024560740600793503
1854	0.6592592592592592
19739	0.5864881823886217
4397	1.0718667835232252
7222	0.833982138768033
19357	0.0009510223490252021
27912	1.4489884707417882
24633	0.0708613317043372
13110	4.354654844838505
26259	3.11616818378847
25318	0.28155940594059403
27855	0.9703705939969676
3218	0.9082427115796918
16240	0.36279839281493736
729	0.8011049723756906
22502	0.2837370242214533
25883	0.3430517711171662
9557	1.7904676258992807
28083	1.6693365967674902
18865	1.4983341266063779
4612	0.3844221105527638
24718	0.5267605633802817
22576	1.770463651974814
8395	0.013354700854700854
29861	0.0
27	0.06666666666666667
32	0.8705608220236878
40	0.9050649651406562
34	1.2539896906887469
37	0.8979739288420148
29845	0.44298245614035087
28703	1.6585470807182212
24953	0.7299670691547749
19299	0.2917956656346749
578	1.7887462981243831
16604	0.24209932279909707
2839	0.6743034055727554
27467	1.408675799086758
22794	0.9
23399	0.08700155359917142
22948	1.0032467532467533
29801	0.03289296306282017
8711	0.08310860505025741
28520	1.7932681373663861
26699	2.2714681440443214
12208	0.7749217702279839
27194	0.22214336408800567
15302	0.6975349766822119
996	1.6020042949176807
25633	0.5955631399317406
21130	0.6735620585267407
24397	1.8024118738404453
3455	0.6978458049886621
19048	0.000959462700887503
5454	0.5498612000854153
29250	0.31531076301162203
7700	0.0006621054954756124
26422	0.2596825396825397
5709	0.5202205882352942
5669	1.1371254443880143
21264	0.01403061224489796
24134	1.1017964071856288
4729	1.0333889816360602
16476	1.1335311572700297
26341	1.171238570241064
23666	1.3678654499910539
29884	0.0
28814	0.006344658207122391
22749	0.6096681096681097
6933	0.39862542955326463
969	1.7647834688942625
12849	0.005760131660152232
22440	1.0794912559618441
27215	0.002226179875333927
2401	0.00441306266548985
24707	1.0214592274678111
15700	1.1763958212875572
12186	1.4900304949566032
23123	0.6597938144329897
19406	1.7713675213675213
18464	1.4778722476564203
7286	0.3140432098765432
3221	2.3205213903743314
14286	0.1574973031283711
22202	1.1770470021591097
494	1.5043196544276458
29860	1.0615806532036898
29885	0.0
16220	0.6403192987948035
24977	0.13755199049316696
17141	1.3289036544850499
14292	0.7038988408851422
6952	0.24663173652694612
21491	0.0005023863350916855
21664	1.7829691032403918
21487	0.21460176991150443
19551	1.5282247765006385
29890	0.0
