ERROR_all
0.5242317144692993
5.073210478239487
0.6764266658140263
0.6764266658140263
0.6552896430866242
0.6764266658140263
0.9829344646299362
0.8455333322675328
0.6552896430866242
0.6552896430866242
0.8455333322675328
0.6989738718533509
0.6764266658140263
0.6764266658140263
0.6167428851216966
0.7709299169814069
1.3979529860238462
0.5242317144692993
0.6764266658140263
0.6552896430866242
0.6552896430866242
0.8191120538582801
0.6552896430866242
1.4744016969449043
2.9488033938898086
0.9531476186137906
2.0651531736632127
1.3528585739451973
1.2232055863226503
0.8737212715545472
0.5242317144692993
0.5242317144692993
0.5242317144692993
0.6764266658140263
0.6764266658140263
0.8455333322675328
0.6764266658140263
0.8737212715545472
0.5242317144692993
0.5242317144692993
0.5242317144692993
0.6764266658140263
0.5242317144692993
0.8737212715545472
0.5242317144692993
1.3528585739451973
0.5991234571983834
0.5991234571983834
0.748901700339407
0.5991234571983834
0.5824791002639832
0.7281001859092652
0.5824791002639832
0.5824791002639832
1.0193371148826844
0.5518220296018185
0.7084205273480877
1.841893371105028
1.7002092656354102
0.8501046328177051
0.9917887382873226
0.5824791002639832
0.7281001859092652
0.5667364218784701
0.7084205273480877
0.6897788475815594
0.5518220296018185
0.8065095234424383
1.2751569492265575
0.7281001859092652
0.5824791002639832
0.5824791002639832
0.8737212715545472
0.965692483541041
0.8501046328177051
0.5824791002639832
1.5885793643563175
0.6167428851216966
0.6167428851216966
0.6167428851216966
0.9531476186137906
1.0484634289385986
0.8737212715545472
0.5242317144692993
0.5242317144692993
1.0146399987210395
0.8455333322675328
0.635431745742527
0.6552896430866242
0.6552896430866242
0.8191120538582801
0.6552896430866242
0.635431745742527
0.635431745742527
1.1467568754015922
1.3528585739451973
1.1467568754015922
0.6989738718533509
1.0193371148826844
0.5824791002639832
0.5667364218784701
1.8818555546990223
0.5376730156282922
0.8737212715545472
0.748901700339407
0.6240873714414115
1.1507515210658483
0.5242317144692993
0.786347571703949
0.786347571703949
0.6897788475815594
3.494879843901044
0.635431745742527
0.635431745742527
1.2416008771833775
0.6240873714414115
0.5698189043595496
0.6837816367680305
0.5698189043595496
0.7977443691765116
1.2535952988104355
1.3105792861732484
0.595715951054333
0.595715951054333
0.7807697462619957
0.6837816367680305
0.6989738718533509
0.6989738718533509
4.65983804442901
0.5698189043595496
0.5698189043595496
0.6989738718533509
0.5518220296018185
0.7084205273480877
0.5667364218784701
1.3876728021031035
0.8986851857975751
0.635431745742527
0.8455333322675328
0.6764266658140263
0.6764266658140263
1.0484634289385986
1.1649582005279664
0.8154738857598632
0.5576934248038747
0.5576934248038747
0.7645028361620132
0.5242317144692993
0.6167428851216966
0.604884763740401
0.604884763740401
1.2097642851636574
0.7195342396948367
0.8387707431508789
0.7148633351189154
0.8737212715545472
0.7671659332715173
0.7281001859092652
0.5991234571983834
0.5991234571983834
0.5991234571983834
0.748901700339407
0.748901700339407
0.5991234571983834
0.7942896821781589
0.6989738718533509
0.5242317144692993
0.5242317144692993
0.6764266658140263
0.5242317144692993
1.3528585739451973
0.8455333322675328
1.183746665174546
0.5242317144692993
1.1120055550494223
0.635431745742527
0.635431745742527
0.6552896430866242
0.6552896430866242
0.8191120538582801
1.0484634289385986
1.0484634289385986
0.6552896430866242
0.6552896430866242
0.6552896430866242
1.1120055550494223
0.635431745742527
0.7281001859092652
1.1120055550494223
1.5885793643563175
0.635431745742527
0.635431745742527
0.7942896821781589
0.7709299169814069
0.6167428851216966
0.7709299169814069
0.6552896430866242
0.6552896430866242
0.6552896430866242
0.6552896430866242
0.5242317144692993
0.5242317144692993
0.5242317144692993
0.5242317144692993
0.5242317144692993
0.6989738718533509
0.8737212715545472
0.8191120538582801
0.6552896430866242
0.8191120538582801
0.8191120538582801
0.9829344646299362
0.9829344646299362
0.9829344646299362
0.6764266658140263
0.8737212715545472
0.5376730156282922
0.895031290747724
0.6393058181124552
0.9117071015849926
0.6692342066915075
0.6552896430866242
0.8737212715545472
0.5698189043595496
0.5242317144692993
0.5242317144692993
0.5242317144692993
0.6764266658140263
0.6764266658140263
0.8455333322675328
0.6764266658140263
0.6989738718533509
0.6989738718533509
0.5242317144692993
0.6764266658140263
0.8737212715545472
1.0484634289385986
0.9531476186137906
0.5242317144692993
0.5242317144692993
0.8737212715545472
0.5242317144692993
0.5242317144692993
0.6764266658140263
5.067574987308942
0.5242317144692993
0.8455333322675328
0.8455333322675328
0.6764266658140263
0.8737212715545472
0.5242317144692993
4.193853715754394
0.5242317144692993
4.718085430223693
0.6989738718533509
0.5242317144692993
1.3979529860238462
0.5242317144692993
0.5242317144692993
4.892827587607745
0.5242317144692993
0.6989738718533509
0.5242317144692993
5.067574987308942
5.067574987308942
0.8737212715545472
0.8455333322675328
4.734997145332473
4.90410381178598
5.073210478239487
1.0146399987210395
0.635431745742527
0.635431745742527
0.635431745742527
1.7474373007919497
0.635431745742527
0.7942896821781589
1.183746665174546
1.0146399987210395
0.8737212715545472
4.193853715754394
0.5242317144692993
0.6989738718533509
0.6764266658140263
0.6552896430866242
1.6382241077165602
0.6552896430866242
0.6552896430866242
1.5219652403987038
0.5242317144692993
0.6989738718533509
0.5242317144692993
0.6989738718533509
0.5242317144692993
0.5242317144692993
0.5242317144692993
0.6167428851216966
0.6167428851216966
0.635431745742527
0.635431745742527
0.635431745742527
0.6167428851216966
1.1120055550494223
0.5242317144692993
0.8737212715545472
1.3528585739451973
1.4297214279206858
0.635431745742527
0.6167428851216966
4.779761291431007
0.6167428851216966
0.6167428851216966
1.270863491485054
0.9531476186137906
0.7942896821781589
0.635431745742527
0.635431745742527
0.9829344646299362
0.6552896430866242
0.6552896430866242
1.3441825390707305
0.8065095234424383
0.5376730156282922
0.895031290747724
1.7900573391783037
0.7671659332715173
0.8277356655613002
0.5518220296018185
0.5667364218784701
0.5667364218784701
0.5667364218784701
1.0972274630185328
0.748901700339407
0.7148633351189154
0.595715951054333
4.289169526079203
0.9753173778186972
0.5242317144692993
0.6720912695353652
4.858731556898662
0.9174055003212738
1.3105792861732484
0.6552896430866242
0.5376730156282922
0.635431745742527
0.635431745742527
0.635431745742527
0.8191120538582801
0.8191120538582801
1.183746665174546
0.8455333322675328
0.6764266658140263
4.565890478878966
1.0146399987210395
0.8737212715545472
0.5242317144692993
1.3979529860238462
0.5242317144692993
0.6989738718533509
0.5242317144692993
4.39678381242546
0.6764266658140263
4.368595873138446
0.5242317144692993
0.5242317144692993
1.572695143407898
0.5242317144692993
0.5242317144692993
0.5242317144692993
0.5242317144692993
0.8737212715545472
1.2390950495882145
0.6672054299565113
1.1233551716676828
0.6552896430866242
0.6326952561929974
4.690495115091174
4.322610267145199
4.598523903104681
0.6437932415883124
0.5667364218784701
0.5242317144692993
0.5242317144692993
