ERROR_all
0.8596438725123449
0.8882986682627564
0.8882986682627564
0.8882986682627564
0.9169534640131678
0.8882986682627564
0.9169534640131678
0.8882986682627564
0.9169534640131678
0.9169534640131678
0.8882986682627564
0.8596438725123449
0.8882986682627564
0.8882986682627564
0.9742630555139908
0.9742630555139908
0.8596438725123449
0.8596438725123449
0.8882986682627564
0.9169534640131678
0.9169534640131678
0.9169534640131678
0.9169534640131678
0.9169534640131678
0.9169534640131678
0.9456082597635792
0.9456082597635792
0.8882986682627564
0.8596438725123449
0.8596438725123449
0.8596438725123449
0.8596438725123449
0.8596438725123449
0.8882986682627564
0.8882986682627564
0.8882986682627564
0.8882986682627564
0.8596438725123449
0.8596438725123449
0.8596438725123449
0.8596438725123449
0.8882986682627564
0.8596438725123449
0.8596438725123449
0.8596438725123449
0.8882986682627564
1.0029178512644024
1.0029178512644024
1.0029178512644024
1.0029178512644024
1.031572647014814
1.031572647014814
1.031572647014814
1.031572647014814
1.031572647014814
1.0888822385156367
1.0602274427652254
1.0602274427652254
1.0602274427652254
1.0602274427652254
1.0602274427652254
1.031572647014814
1.031572647014814
1.0602274427652254
1.0602274427652254
1.0888822385156367
1.0888822385156367
1.1175370342660482
1.0602274427652254
1.031572647014814
1.031572647014814
1.031572647014814
1.031572647014814
1.0888822385156367
1.0602274427652254
1.031572647014814
0.9456082597635792
0.9742630555139908
0.9742630555139908
0.9742630555139908
0.9456082597635792
0.8596438725123449
0.8596438725123449
0.8596438725123449
0.8596438725123449
0.8882986682627564
0.8882986682627564
0.9456082597635792
0.9169534640131678
0.9169534640131678
0.9169534640131678
0.9169534640131678
0.9456082597635792
0.9456082597635792
0.9169534640131678
0.8882986682627564
0.9169534640131678
0.8596438725123449
1.031572647014814
1.031572647014814
1.0602274427652254
1.1175370342660482
1.1175370342660482
1.2035014215172828
1.2035014215172828
1.2035014215172828
1.1748466257668713
1.1461918300164595
1.1461918300164595
1.1461918300164595
1.0888822385156367
1.031572647014814
0.9456082597635792
0.9456082597635792
1.0888822385156367
1.2035014215172828
1.3181206045189289
1.3181206045189289
1.3181206045189289
1.3181206045189289
1.3181206045189289
1.2608110130181058
1.2608110130181058
1.2608110130181058
1.3467754002693402
1.3181206045189289
1.2894658087685174
1.2894658087685174
1.2894658087685174
1.3181206045189289
1.3181206045189289
1.2894658087685174
1.0888822385156367
1.0602274427652254
1.0602274427652254
0.9742630555139908
1.0029178512644024
0.9456082597635792
0.8882986682627564
0.8882986682627564
0.8882986682627564
1.2894658087685174
1.2894658087685174
1.2894658087685174
1.3467754002693402
1.3467754002693402
1.3754301960197517
1.4327397875205747
1.4613945832709865
1.4900493790213978
1.4900493790213978
1.4900493790213978
1.4613945832709865
1.4327397875205747
1.2608110130181058
1.2035014215172828
1.1748466257668713
1.031572647014814
1.0029178512644024
1.0029178512644024
1.0029178512644024
1.0029178512644024
1.0029178512644024
1.0029178512644024
0.9456082597635792
0.8596438725123449
0.8596438725123449
0.8596438725123449
0.8882986682627564
0.8596438725123449
0.8882986682627564
0.8882986682627564
0.8882986682627564
0.8596438725123449
0.9456082597635792
0.9456082597635792
0.9456082597635792
0.9169534640131678
0.9169534640131678
0.9169534640131678
0.8596438725123449
0.8596438725123449
0.9169534640131678
0.9169534640131678
0.9169534640131678
0.9456082597635792
0.9456082597635792
1.031572647014814
0.9456082597635792
0.9456082597635792
0.9456082597635792
0.9456082597635792
0.9456082597635792
0.9742630555139908
0.9742630555139908
0.9742630555139908
0.9169534640131678
0.9169534640131678
0.9169534640131678
0.9169534640131678
0.8596438725123449
0.8596438725123449
0.8596438725123449
0.8596438725123449
0.8596438725123449
0.8596438725123449
0.8596438725123449
0.9169534640131678
0.9169534640131678
0.9169534640131678
0.9169534640131678
0.9169534640131678
0.9169534640131678
0.9169534640131678
0.8882986682627564
0.8596438725123449
1.1175370342660482
1.1748466257668713
1.1748466257668713
1.3181206045189289
1.3467754002693402
1.3754301960197517
1.3754301960197517
1.3181206045189289
0.8596438725123449
0.8596438725123449
0.8596438725123449
0.8882986682627564
0.8882986682627564
0.8882986682627564
0.8882986682627564
0.8596438725123449
0.8596438725123449
0.8596438725123449
0.8882986682627564
0.8596438725123449
0.8596438725123449
0.9456082597635792
0.8596438725123449
0.8596438725123449
0.8596438725123449
0.8596438725123449
0.8596438725123449
0.8882986682627564
0.8596438725123449
0.8596438725123449
0.8882986682627564
0.8882986682627564
0.8882986682627564
0.8596438725123449
0.8596438725123449
0.8596438725123449
0.8596438725123449
0.8596438725123449
0.8596438725123449
0.8596438725123449
0.8596438725123449
0.8596438725123449
0.8596438725123449
0.8596438725123449
0.8596438725123449
0.8596438725123449
0.8596438725123449
0.8596438725123449
0.8596438725123449
0.8596438725123449
0.8882986682627564
0.8882986682627564
0.8882986682627564
0.8882986682627564
0.8882986682627564
0.9456082597635792
0.9456082597635792
0.9456082597635792
0.9456082597635792
0.9456082597635792
0.9456082597635792
0.8882986682627564
0.8882986682627564
0.8596438725123449
0.8596438725123449
0.8596438725123449
0.8596438725123449
0.8882986682627564
0.9169534640131678
0.9169534640131678
0.9169534640131678
0.9169534640131678
0.8882986682627564
0.8596438725123449
0.8596438725123449
0.8596438725123449
0.8596438725123449
0.8596438725123449
0.8596438725123449
0.8596438725123449
0.9742630555139908
0.9742630555139908
0.9456082597635792
0.9456082597635792
0.9456082597635792
0.9742630555139908
0.9456082597635792
0.8596438725123449
0.8596438725123449
0.8882986682627564
0.9456082597635792
0.9456082597635792
0.9742630555139908
0.9742630555139908
0.9742630555139908
0.9742630555139908
0.9456082597635792
0.9456082597635792
0.9456082597635792
0.9456082597635792
0.9456082597635792
0.9169534640131678
0.9169534640131678
0.9169534640131678
1.1175370342660482
1.1175370342660482
1.1175370342660482
1.1748466257668713
1.1748466257668713
1.1748466257668713
1.0888822385156367
1.0888822385156367
1.0602274427652254
1.0602274427652254
1.0602274427652254
1.2321562172676943
1.2035014215172828
1.2608110130181058
1.2608110130181058
1.2608110130181058
1.2321562172676943
1.1461918300164595
1.1175370342660482
1.1748466257668713
1.1461918300164595
1.1461918300164595
1.1461918300164595
1.1175370342660482
0.9456082597635792
0.9456082597635792
0.9456082597635792
0.9169534640131678
0.9169534640131678
0.8882986682627564
0.8882986682627564
0.8882986682627564
0.8882986682627564
0.8882986682627564
0.8596438725123449
0.8596438725123449
0.8596438725123449
0.8596438725123449
0.8596438725123449
0.8596438725123449
0.8882986682627564
0.8882986682627564
0.8596438725123449
0.8596438725123449
0.8596438725123449
0.8596438725123449
0.8596438725123449
0.8596438725123449
0.8596438725123449
0.8596438725123449
0.8596438725123449
1.576013766272632
1.576013766272632
1.6046685620230436
1.6046685620230436
1.661978153523867
1.6333233577734552
1.6333233577734552
1.6333233577734552
1.6333233577734552
1.0602274427652254
0.8596438725123449
0.8596438725123449
